1492407394.333009,0
1492407394.436968,5
1492407394.540553,10
1492407394.643372,19
1492407394.746655,36
1492407394.852191,39
1492407394.956457,40
1492407395.060126,41
1492407395.163879,41
1492407395.268516,42
1492407395.373223,42
1492407395.477410,43
1492407395.582145,43
1492407395.694796,44
1492407395.798815,44
1492407395.902634,45
1492407396.008540,45
1492407396.114981,45
1492407396.218511,46
1492407396.321707,46
1492407396.425904,48
1492407396.529558,49
1492407396.633345,51
1492407396.736726,52
1492407396.841215,54
1492407396.947265,55
1492407397.051360,57
1492407397.154602,57
1492407397.261118,58
1492407397.366929,58
1492407397.471217,58
1492407397.575581,59
1492407397.679685,60
1492407397.783132,61
1492407397.887324,61
1492407397.991076,62
1492407398.094993,62
1492407398.198499,63
1492407398.302875,63
1492407398.406181,64
1492407398.510159,64
1492407398.619991,65
1492407398.727179,65
1492407398.834216,65
1492407398.939334,66
1492407399.042359,67
1492407399.147265,67
1492407399.252926,68
1492407399.356426,68
1492407399.460841,68
1492407399.564456,69
1492407399.672444,70
1492407399.776865,71
1492407399.881032,72
1492407399.984296,72
1492407400.087965,72
1492407400.191508,74
1492407400.297806,75
1492407400.401723,76
1492407400.505040,77
1492407400.609278,78
1492407400.712930,79
1492407400.816621,80
1492407400.922811,81
1492407401.025876,83
1492407401.130015,85
1492407401.234223,86
1492407401.337568,89
1492407401.441776,90
1492407401.550127,92
1492407401.653689,94
1492407401.757285,95
1492407401.861228,97
1492407401.965121,100
1492407402.069573,99
1492407402.174167,100
1492407402.278824,100
1492407402.383063,100
1492407402.486709,100
1492407402.591858,100
1492407402.695939,100
1492407402.800058,100
1492407402.904148,100
1492407403.008111,100
1492407403.112235,99
1492407403.217346,99
1492407403.321251,100
1492407403.425385,100
1492407403.529143,100
1492407403.633053,100
1492407403.737168,100
1492407403.841147,100
1492407403.946658,99
1492407404.051359,100
1492407404.154525,100
1492407404.259881,100
1492407404.363852,100
1492407404.467857,100
1492407404.571844,100
1492407404.675002,100
1492407404.778378,100
1492407404.882529,100
1492407404.986753,100
1492407405.090763,100
1492407405.193769,100
1492407405.297643,100
1492407405.401460,100
1492407405.504906,100
1492407405.609072,100
1492407405.713128,100
1492407405.816984,100
1492407405.921090,97
1492407406.025301,95
1492407406.130777,92
1492407406.235105,91
1492407406.339292,89
1492407406.444226,86
1492407406.548253,94
1492407406.651643,100
1492407406.755651,100
1492407406.859277,100
1492407406.966725,99
1492407407.072935,99
1492407407.177714,99
1492407407.281432,99
1492407407.384804,100
1492407407.487951,100
1492407407.591446,100
1492407407.695578,100
1492407407.799142,99
1492407407.902507,99
1492407408.007163,99
1492407408.111704,99
1492407408.215362,100
1492407408.318676,100
1492407408.424165,100
1492407408.528527,100
1492407408.632152,100
1492407408.737163,100
1492407408.842489,100
1492407408.946575,100
1492407409.050505,100
1492407409.157044,98
1492407409.261390,93
1492407409.365722,91
1492407409.470341,87
1492407409.575761,83
1492407409.679606,78
1492407409.783619,82
1492407409.888602,85
1492407409.992963,87
1492407410.096584,86
1492407410.200585,86
1492407410.304153,86
1492407410.407781,86
1492407410.511064,81
1492407410.614676,76
1492407410.722697,72
1492407410.826614,66
1492407410.931414,60
1492407411.035377,54
1492407411.139167,51
1492407411.243098,52
1492407411.349377,52
1492407411.453217,52
1492407411.556962,52
1492407411.660187,52
1492407411.763449,53
1492407411.867150,52
1492407411.972157,53
1492407412.075021,55
1492407412.179118,56
1492407412.282567,55
1492407412.387806,56
1492407412.492616,57
1492407412.596469,57
1492407412.699761,57
1492407412.803402,57
1492407412.909277,57
1492407413.014087,57
1492407413.117870,57
1492407413.222122,58
1492407413.325813,58
1492407413.430579,58
1492407413.535086,58
1492407413.643401,58
1492407413.747189,58
1492407413.850881,58
1492407413.954115,58
1492407414.057411,58
1492407414.161851,57
1492407414.267949,58
1492407414.372062,59
1492407414.476146,60
1492407414.581403,60
1492407414.685793,60
1492407414.788973,60
1492407414.892630,60
1492407414.996043,60
1492407415.100484,60
1492407415.204903,61
1492407415.308409,62
1492407415.412199,62
1492407415.517365,62
1492407415.621219,62
1492407415.724180,62
1492407415.827876,63
1492407415.931927,63
1492407416.035870,64
1492407416.139507,65
1492407416.244245,66
1492407416.348000,66
1492407416.451432,66
1492407416.554912,66
1492407416.658586,68
1492407416.762369,67
1492407416.867063,68
1492407416.970309,68
1492407417.074207,65
1492407417.179635,66
1492407417.285628,67
1492407417.389749,67
1492407417.494089,67
1492407417.597429,68
1492407417.701980,69
1492407417.806402,68
1492407417.910355,63
1492407418.018248,64
1492407418.123514,65
1492407418.227552,66
1492407418.331786,67
1492407418.436047,67
1492407418.540351,68
1492407418.645238,69
1492407418.749285,68
1492407418.853878,76
1492407418.959515,77
1492407419.064303,78
1492407419.168260,80
1492407419.276311,81
1492407419.381241,82
1492407419.485788,83
1492407419.590446,84
1492407419.695056,85
1492407419.798421,85
1492407419.902555,87
1492407420.007847,89
1492407420.113461,90
1492407420.218285,92
1492407420.324643,94
1492407420.428120,96
1492407420.532354,98
1492407420.636137,100
1492407420.740101,100
1492407420.843927,100
1492407420.946716,100
1492407421.051266,100
1492407421.155588,100
1492407421.260895,100
1492407421.365673,100
1492407421.469100,100
1492407421.573755,99
1492407421.678704,100
1492407421.784747,100
1492407421.887740,100
1492407421.991829,100
1492407422.102633,100
1492407422.207725,100
1492407422.311279,100
1492407422.416459,100
1492407422.519314,99
1492407422.623018,100
1492407422.726967,100
1492407422.830700,100
1492407422.934685,99
1492407423.038188,100
1492407423.145567,100
1492407423.249851,99
1492407423.353612,100
1492407423.457186,100
1492407423.560997,100
1492407423.664926,100
1492407423.769151,100
1492407423.872999,100
1492407423.976811,100
1492407424.081737,100
1492407424.186633,100
1492407424.291220,100
1492407424.395555,100
1492407424.499262,100
1492407424.602558,100
1492407424.706184,100
1492407424.810096,97
1492407424.913756,97
1492407425.017975,94
1492407425.122751,91
1492407425.227868,88
1492407425.332207,90
1492407425.436701,100
1492407425.540987,100
1492407425.644951,99
1492407425.749194,99
1492407425.853087,99
1492407425.958635,98
1492407426.062826,99
1492407426.172103,100
1492407426.277055,100
1492407426.381981,100
1492407426.486829,98
1492407426.590894,98
1492407426.694742,98
1492407426.799103,98
1492407426.902859,98
1492407427.007367,99
1492407427.111815,100
1492407427.216295,100
1492407427.320422,99
1492407427.424299,99
1492407427.527069,99
1492407427.630866,99
1492407427.737538,99
1492407427.843102,99
1492407427.948779,100
1492407428.053033,100
1492407428.156735,100
1492407428.262369,100
1492407428.366775,100
1492407428.471697,100
1492407428.576410,100
1492407428.680974,100
1492407428.785244,99
1492407428.889425,99
1492407428.993545,95
1492407429.097811,91
1492407429.201123,87
1492407429.304808,84
1492407429.410394,84
1492407429.515259,84
1492407429.620223,83
1492407429.727223,82
1492407429.832621,76
1492407429.936525,69
1492407430.040891,63
1492407430.147043,57
1492407430.251447,51
